1274122800, 0, 82717, 81529, 569, 619, 1:579, 2:28, 3:4, 4:4, 5:1, 7:1, 10:2,
1274123100, 0, 676842, 675669, 727, 446, 1:319, 2:61, 3:24, 4:14, 5:7, 6:3, 7:6, 8:2, 9:1, 11:2, 12:1, 13:1, 15:1, 17:1, 41:1, 45:1, 77:1,
1274123400, 1, 597430, 596469, 530, 431, 1:307, 2:64, 3:20, 4:17, 5:8, 6:1, 7:1, 8:1, 9:2, 11:1, 14:3, 15:1, 17:1, 18:1, 20:2, 59:1,
1274123700, 1, 569845, 569038, 421, 386, 1:228, 2:83, 3:23, 4:20, 5:14, 6:3, 7:3, 8:2, 10:2, 14:3, 15:2, 36:1, 38:1, 76:1,
1274124000, 0, 536145, 535454, 347, 344, 1:231, 2:52, 3:23, 4:13, 5:3, 6:6, 7:1, 8:2, 9:4, 10:1, 12:1, 14:1, 15:1, 17:1, 19:1, 21:1, 40:1, 69:1,
1274124300, 0, 516128, 515433, 374, 321, 1:224, 2:41, 3:17, 4:17, 5:3, 6:1, 7:5, 8:1, 10:1, 11:2, 12:1, 14:1, 15:2, 17:1, 20:1, 32:2, 67:1,
1274124600, 1, 513666, 512963, 369, 334, 1:226, 2:49, 3:26, 4:8, 5:5, 6:1, 7:5, 8:3, 9:1, 12:1, 13:1, 15:1, 17:1, 18:1, 19:2, 21:1, 38:1, 73:1,
1274124900, 0, 515190, 514461, 403, 326, 1:206, 2:47, 3:33, 4:17, 5:4, 6:1, 7:3, 8:3, 10:1, 12:1, 14:3, 15:1, 16:1, 17:1, 18:1, 26:1, 30:1, 65:1,
1274125200, 0, 502004, 501336, 401, 267, 1:190, 2:31, 3:18, 4:6, 5:4, 6:1, 7:3, 8:2, 9:1, 11:3, 12:2, 13:3, 25:1, 28:1, 75:1,
1274125500, 5, 493395, 492580, 437, 378, 1:266, 2:56, 3:25, 4:7, 5:5, 6:2, 7:1, 8:1, 9:3, 10:1, 11:3, 12:1, 14:1, 16:1, 17:1, 19:1, 25:1, 26:1, 66:1,
1274125800, 0, 485886, 485117, 447, 322, 1:213, 2:53, 3:19, 4:14, 5:5, 6:3, 7:4, 9:1, 10:3, 12:2, 15:1, 16:1, 21:1, 22:1, 65:1,
1274126100, 0, 481375, 480635, 402, 338, 1:205, 2:73, 3:27, 4:13, 5:3, 6:3, 7:3, 8:1, 9:1, 10:1, 11:1, 14:1, 17:2, 18:1, 26:1, 28:1, 55:1,
1274126400, 0, 495707, 495038, 348, 321, 1:207, 2:56, 3:20, 4:14, 5:5, 6:6, 7:3, 9:2, 10:1, 11:1, 12:1, 14:1, 20:1, 24:1, 25:1, 72:1,
1274126700, 0, 493536, 492737, 441, 358, 1:241, 2:62, 3:22, 4:7, 5:6, 6:5, 7:2, 8:3, 9:2, 10:1, 12:2, 15:1, 16:1, 18:1, 19:1, 62:1,
1274127000, 0, 464420, 463788, 340, 292, 1:194, 2:48, 3:16, 4:11, 5:8, 6:4, 7:3, 8:2, 10:1, 11:1, 14:3, 63:1,
1274127300, 0, 457307, 456556, 401, 350, 1:233, 2:70, 3:16, 4:11, 5:2, 6:6, 7:2, 9:1, 10:1, 12:3, 13:1, 14:2, 38:1, 68:1,
1274127600, 0, 448859, 448260, 309, 290, 1:205, 2:44, 3:15, 4:4, 5:8, 6:1, 7:4, 8:2, 9:2, 11:2, 12:1, 13:1, 65:1,
1274127900, 0, 436530, 435922, 321, 287, 1:174, 2:59, 3:28, 4:6, 5:6, 6:5, 7:2, 8:1, 9:1, 12:1, 13:1, 15:2, 60:1,
1274128201, 0, 437950, 437357, 304, 289, 1:192, 2:47, 3:25, 4:5, 5:7, 6:2, 7:3, 8:2, 9:2, 10:1, 11:1, 14:1, 64:1,
1274128500, 0, 441120, 440497, 346, 277, 1:188, 2:39, 3:23, 4:11, 5:5, 6:3, 7:1, 10:2, 11:2, 14:1, 15:1, 62:1,
1274128800, 3, 437027, 436458, 303, 266, 1:172, 2:48, 3:18, 4:8, 5:7, 6:4, 7:2, 8:1, 10:2, 14:2, 15:1, 62:1,
1274129100, 2, 436753, 436127, 325, 301, 1:200, 2:61, 3:16, 4:12, 5:2, 6:1, 7:1, 8:2, 9:1, 12:3, 13:1, 73:1,
1274129400, 1, 449331, 448781, 290, 260, 1:159, 2:61, 3:18, 4:8, 5:1, 6:4, 8:3, 9:1, 10:2, 12:2, 68:1,
1274129700, 0, 435310, 434787, 256, 267, 1:179, 2:42, 3:23, 4:6, 5:2, 6:4, 7:2, 8:1, 9:3, 11:2, 13:1, 14:1, 73:1,
1274130000, 0, 416365, 415840, 243, 282, 1:181, 2:58, 3:19, 4:7, 5:6, 6:2, 7:1, 8:2, 9:1, 10:2, 12:1, 13:1, 64:1,
1274130300, 0, 412898, 412297, 296, 305, 1:216, 2:46, 3:19, 4:6, 5:5, 6:4, 7:1, 8:2, 9:1, 10:1, 12:1, 13:1, 18:1, 72:1,
1274130600, 0, 404600, 404103, 260, 237, 1:158, 2:39, 3:18, 4:12, 5:1, 6:2, 8:1, 9:1, 10:2, 11:1, 13:1, 68:1,
1274130901, 0, 408310, 407805, 250, 255, 1:162, 2:53, 3:16, 4:8, 5:3, 6:4, 7:2, 8:2, 9:1, 10:1, 13:1, 14:1, 59:1,
1274131200, 1, 387865, 387379, 247, 239, 1:153, 2:39, 3:23, 4:8, 5:3, 6:5, 7:1, 8:3, 9:1, 12:1, 14:1, 64:1,
1274131500, 1, 388502, 387983, 248, 271, 1:166, 2:58, 3:16, 4:12, 5:6, 6:2, 7:1, 8:3, 9:2, 11:2, 14:2, 67:1,
1274131800, 0, 381214, 380748, 226, 240, 1:152, 2:45, 3:20, 4:9, 5:5, 6:2, 8:1, 9:2, 11:1, 12:2, 76:1,
1274132100, 0, 383261, 382764, 226, 271, 1:160, 2:68, 3:18, 4:7, 5:5, 6:2, 7:5, 8:2, 13:1, 15:1, 18:1, 58:1,
1274132400, 0, 355640, 355189, 210, 241, 1:146, 2:50, 3:15, 4:11, 5:8, 6:1, 7:2, 8:3, 10:1, 11:1, 12:1, 13:1, 64:1,
1274132700, 0, 352198, 351718, 224, 256, 1:158, 2:64, 3:10, 4:7, 5:3, 6:4, 7:3, 8:1, 10:2, 12:3, 63:1,
1274133002, 0, 369737, 369283, 224, 230, 1:137, 2:50, 3:19, 4:9, 5:3, 6:1, 7:3, 8:3, 9:1, 10:1, 12:1, 13:1, 67:1,
1274133300, 1, 350553, 350072, 200, 281, 1:191, 2:53, 3:13, 4:13, 5:4, 6:1, 7:1, 8:1, 9:1, 13:1, 15:1, 59:1,
1274133600, 0, 322772, 322335, 166, 271, 1:196, 2:34, 3:11, 4:11, 5:6, 6:5, 7:2, 8:2, 11:1, 12:1, 13:1, 65:1,
1274133900, 1, 329803, 329240, 285, 278, 1:171, 2:50, 3:28, 4:12, 5:5, 6:1, 7:1, 8:1, 9:2, 10:1, 11:2, 13:1, 15:1, 16:1, 73:1,
1274134200, 1, 314008, 313448, 268, 292, 1:185, 2:58, 3:23, 4:7, 5:7, 6:3, 7:2, 8:2, 10:1, 11:1, 13:2, 56:1,
1274134500, 0, 315838, 315329, 237, 272, 1:170, 2:58, 3:19, 4:4, 5:4, 6:4, 7:1, 8:4, 9:2, 10:2, 13:2, 28:1, 54:1,
1274134800, 0, 312797, 312357, 205, 235, 1:151, 2:48, 3:14, 4:6, 5:5, 6:4, 7:1, 8:2, 9:1, 10:1, 12:1, 59:1,
1274135100, 0, 308424, 307931, 219, 274, 1:172, 2:45, 3:30, 4:5, 5:6, 6:3, 7:6, 9:2, 10:1, 11:1, 13:1, 14:1, 52:1,
1274135400, 0, 308838, 308385, 197, 256, 1:158, 2:37, 3:30, 4:12, 5:8, 6:2, 7:4, 9:1, 11:2, 13:1, 59:1,
1274135700, 0, 305608, 305098, 227, 283, 1:164, 2:63, 3:29, 4:6, 5:4, 6:2, 7:3, 8:4, 9:1, 10:1, 11:1, 12:1, 13:1, 15:1, 16:1, 57:1,
1274136001, 1, 318838, 318342, 211, 285, 1:187, 2:55, 3:15, 4:8, 5:9, 6:2, 7:1, 8:1, 9:3, 10:1, 11:2, 58:1,
1274136300, 0, 316665, 316213, 203, 249, 1:150, 2:56, 3:14, 4:6, 5:8, 6:3, 7:4, 8:2, 9:2, 10:2, 15:1, 50:1,
1274136600, 0, 309850, 309438, 183, 229, 1:146, 2:31, 3:26, 4:8, 5:7, 6:4, 7:1, 8:1, 9:3, 11:1, 61:1,
1274136900, 0, 324015, 323604, 166, 245, 1:145, 2:44, 3:28, 4:9, 5:6, 6:3, 7:2, 8:1, 10:2, 11:3, 13:1, 55:1,
1274137200, 0, 297043, 296658, 149, 236, 1:145, 2:47, 3:20, 4:2, 5:8, 6:7, 7:1, 8:1, 9:1, 10:2, 13:1, 57:1,
1274137500, 0, 292038, 291575, 227, 236, 1:157, 2:36, 3:17, 4:8, 5:6, 6:5, 7:2, 8:1, 9:1, 11:2, 65:1,
1274137800, 0, 280115, 279714, 178, 223, 1:145, 2:40, 3:13, 4:4, 5:5, 6:1, 7:4, 8:4, 9:2, 10:1, 12:1, 14:2, 58:1,
1274138100, 0, 284083, 283672, 171, 240, 1:147, 2:50, 3:18, 4:9, 5:6, 6:1, 8:2, 9:2, 10:1, 11:2, 13:1, 59:1,
1274138400, 0, 294191, 293842, 152, 197, 1:129, 2:34, 3:13, 4:3, 5:3, 6:8, 7:2, 9:1, 11:1, 13:1, 35:1, 58:1,
1274138700, 2, 294765, 294317, 186, 262, 1:159, 2:66, 3:12, 4:5, 5:5, 6:6, 7:1, 8:2, 10:1, 11:1, 12:2, 13:1, 69:1,
1274139000, 0, 284189, 283803, 162, 224, 1:148, 2:48, 3:14, 4:3, 5:2, 6:3, 7:2, 8:1, 10:1, 11:1, 71:1,
1274139300, 0, 282695, 282349, 150, 196, 1:127, 2:34, 3:13, 4:4, 5:3, 6:4, 7:5, 10:1, 11:2, 13:1, 14:1, 62:1,
1274139600, 1, 286529, 286180, 148, 201, 1:126, 2:41, 3:12, 4:8, 5:3, 6:4, 7:1, 9:1, 11:1, 12:1, 13:1, 24:1, 66:1,
1274139900, 1, 283019, 282652, 155, 212, 1:138, 2:33, 3:16, 4:5, 5:10, 6:1, 8:1, 10:2, 11:1, 12:1, 14:1, 15:1, 31:1, 59:1,
1274140200, 0, 272985, 272657, 147, 181, 1:119, 2:34, 3:11, 4:5, 5:3, 6:3, 7:1, 8:1, 9:1, 10:1, 12:1, 63:1,
1274140500, 0, 271366, 271001, 141, 224, 1:145, 2:34, 3:18, 4:10, 5:6, 6:2, 7:3, 8:3, 9:2, 68:1,
1274140801, 1, 282441, 282070, 144, 227, 1:153, 2:34, 3:15, 4:10, 5:4, 6:2, 7:4, 8:1, 9:2, 10:1, 62:1,
1274141100, 0, 277678, 277241, 213, 224, 1:153, 2:30, 3:15, 4:5, 5:9, 7:1, 8:2, 9:4, 10:1, 12:3, 58:1,
1274141400, 0, 268546, 268212, 141, 193, 1:125, 2:30, 3:16, 4:7, 5:1, 6:7, 8:2, 9:3, 11:1, 63:1,
1274141700, 0, 263491, 263123, 169, 199, 1:131, 2:37, 3:11, 4:5, 5:5, 6:5, 7:1, 9:1, 11:1, 14:1, 68:1,
1274142000, 0, 262978, 262651, 138, 189, 1:119, 2:34, 3:18, 4:5, 5:4, 7:2, 8:1, 9:4, 11:1, 54:1,
1274142300, 1, 271095, 270734, 145, 216, 1:146, 2:37, 3:12, 4:5, 5:6, 6:4, 7:2, 9:2, 11:1, 64:1,
1274142600, 1, 291009, 290689, 148, 172, 1:100, 2:29, 3:16, 4:6, 5:8, 6:2, 7:2, 8:1, 9:3, 10:3, 11:1, 63:1,
1274142900, 1, 297254, 296875, 190, 189, 1:121, 2:31, 3:12, 4:5, 5:4, 6:5, 7:4, 8:1, 9:3, 10:1, 22:1, 56:1,
1274143200, 0, 280722, 280376, 152, 194, 1:115, 2:37, 3:15, 4:6, 5:5, 6:5, 7:2, 9:1, 10:2, 11:2, 13:1, 14:2, 57:1,
1274143500, 1, 273087, 272751, 135, 201, 1:131, 2:34, 3:10, 4:9, 5:3, 6:1, 7:2, 8:3, 9:1, 10:2, 11:1, 12:1, 14:1, 15:1, 65:1,
1274143800, 1, 303698, 303385, 148, 165, 1:105, 2:31, 3:10, 4:5, 5:1, 6:4, 7:2, 8:2, 9:1, 10:1, 11:1, 14:1, 49:1,
1274144100, 0, 293360, 293009, 140, 211, 1:140, 2:29, 3:18, 4:8, 5:1, 6:2, 8:2, 9:3, 10:4, 12:2, 14:1, 64:1,
1274144400, 0, 271022, 270696, 149, 177, 1:116, 2:28, 3:11, 4:4, 5:2, 6:4, 7:1, 8:1, 9:3, 10:1, 12:2, 14:2, 15:1, 67:1,
1274144700, 0, 271885, 271459, 212, 214, 1:142, 2:36, 3:11, 4:5, 5:9, 6:2, 9:2, 10:3, 11:3, 62:1,
1274145000, 0, 266503, 265932, 318, 253, 1:185, 2:38, 3:10, 4:7, 5:1, 6:1, 7:2, 8:3, 9:1, 11:2, 13:1, 17:1, 58:1,
1274145300, 0, 269869, 269488, 163, 218, 1:144, 2:42, 3:9, 4:3, 5:6, 6:1, 7:1, 8:3, 10:1, 11:2, 12:2, 13:2, 16:1, 39:1,
1274145600, 0, 273501, 273057, 207, 237, 1:163, 2:34, 3:13, 4:10, 5:5, 6:2, 8:1, 9:3, 10:4, 13:1, 52:1,
1274145900, 0, 265804, 265436, 181, 187, 1:134, 2:22, 3:10, 4:5, 5:6, 6:1, 7:2, 8:4, 10:2, 52:1,
1274146200, 0, 256143, 255846, 126, 171, 1:113, 2:23, 3:13, 4:6, 5:5, 6:1, 7:1, 8:2, 9:1, 10:4, 12:1, 51:1,
1274146501, 0, 261463, 261089, 179, 195, 1:139, 2:29, 3:9, 4:5, 5:3, 7:2, 8:1, 9:2, 10:2, 11:2, 41:1,
1274146800, 0, 266561, 266188, 159, 214, 1:136, 2:39, 3:18, 4:3, 5:3, 6:6, 7:4, 8:1, 9:1, 12:2, 45:1,
1274147100, 0, 265862, 265495, 156, 211, 1:129, 2:39, 3:20, 4:5, 5:2, 6:3, 8:5, 9:1, 10:2, 11:1, 13:1, 14:2, 44:1,
1274147400, 0, 260784, 260419, 156, 209, 1:149, 2:30, 3:12, 4:6, 5:4, 6:2, 8:1, 9:1, 10:1, 17:2, 41:1,
1274147700, 0, 258108, 257689, 205, 214, 1:144, 2:32, 3:19, 4:3, 5:3, 6:1, 7:1, 8:3, 9:2, 10:1, 11:1, 14:1, 15:1, 16:1, 55:1,
1274148000, 0, 260632, 260196, 219, 217, 1:152, 2:31, 3:12, 4:8, 5:2, 6:2, 7:1, 8:1, 9:3, 13:2, 14:2, 52:1,
1274148300, 0, 276243, 275589, 355, 299, 1:189, 2:43, 3:25, 4:15, 5:4, 6:5, 7:5, 8:1, 9:3, 10:2, 12:1, 13:2, 14:2, 34:1, 53:1,
1274148600, 0, 283955, 283490, 206, 259, 1:172, 2:37, 3:17, 4:7, 5:6, 6:3, 7:7, 8:3, 10:1, 11:2, 13:3, 45:1,
1274148900, 0, 271582, 271142, 186, 254, 1:152, 2:45, 3:20, 4:11, 5:7, 6:7, 7:1, 8:2, 9:1, 10:2, 12:1, 13:1, 16:1, 17:2, 58:1,
1274149200, 1, 256218, 255833, 171, 214, 1:144, 2:30, 3:10, 4:7, 5:9, 6:4, 7:1, 8:1, 9:3, 10:1, 12:2, 16:1, 51:1,
1274149500, 0, 251688, 251320, 143, 225, 1:139, 2:37, 3:22, 4:3, 5:8, 6:6, 7:1, 9:3, 10:1, 11:1, 12:1, 16:1, 17:1, 55:1,
1274149802, 0, 252407, 252076, 144, 187, 1:125, 2:30, 3:11, 4:7, 5:4, 7:3, 8:2, 10:1, 12:1, 13:2, 52:1,
1274150100, 0, 254543, 254167, 172, 204, 1:138, 2:33, 3:8, 4:7, 5:5, 6:1, 7:1, 8:2, 9:4, 10:1, 12:3, 62:1,
1274150402, 0, 253474, 253102, 170, 202, 1:120, 2:45, 3:18, 4:5, 5:6, 6:1, 8:2, 9:1, 13:1, 16:1, 22:1, 60:1,
1274150700, 0, 250576, 250250, 131, 195, 1:135, 2:25, 3:13, 4:6, 5:4, 6:3, 7:1, 8:2, 9:1, 10:1, 11:1, 16:1, 17:1, 56:1,
1274151000, 0, 262372, 262058, 153, 161, 1:106, 2:27, 3:9, 4:8, 5:1, 6:1, 8:3, 9:2, 10:3, 58:1,
1274151300, 0, 262439, 262105, 124, 210, 1:132, 2:31, 3:24, 4:5, 5:3, 6:5, 7:1, 8:1, 9:1, 10:1, 11:2, 13:3, 62:1,
1274151600, 0, 257457, 257149, 132, 176, 1:110, 2:32, 3:13, 4:6, 5:7, 6:1, 9:3, 10:1, 11:1, 17:1, 62:1,
1274151900, 1, 258376, 257986, 198, 192, 1:127, 2:30, 3:11, 4:6, 5:5, 6:2, 7:2, 8:3, 9:1, 10:2, 11:1, 12:1, 58:1,
1274152200, 0, 248277, 247918, 150, 209, 1:144, 2:33, 3:12, 4:4, 5:3, 6:1, 7:1, 8:2, 9:1, 10:2, 11:1, 12:1, 13:1, 15:2, 58:1,
1274152500, 0, 251418, 251010, 180, 228, 1:146, 2:44, 3:7, 4:8, 5:5, 6:4, 7:4, 8:1, 9:5, 10:2, 12:1, 55:1,
1274152800, 0, 248918, 248566, 163, 189, 1:115, 2:33, 3:10, 4:13, 5:5, 6:2, 7:2, 8:1, 9:1, 10:1, 11:2, 12:1, 13:1, 15:1, 57:1,
1274153100, 0, 252049, 251663, 175, 211, 1:133, 2:38, 3:14, 4:12, 5:3, 6:2, 7:1, 8:2, 9:3, 11:2, 55:1,
1274153400, 2, 266464, 266115, 146, 203, 1:126, 2:41, 3:12, 4:7, 5:8, 6:1, 7:2, 8:2, 9:1, 11:2, 59:1,
1274153700, 2, 277671, 277350, 137, 184, 1:110, 2:39, 3:13, 4:5, 5:3, 6:5, 8:1, 9:1, 10:4, 12:1, 16:1, 59:1,
1274154001, 0, 278442, 278133, 128, 181, 1:122, 2:30, 3:8, 4:8, 5:4, 6:3, 7:1, 9:1, 10:2, 13:1, 58:1,
1274154300, 0, 272889, 272525, 162, 202, 1:121, 2:46, 3:11, 4:9, 5:4, 6:2, 7:2, 8:4, 10:1, 13:1, 56:1,
1274154600, 1, 261127, 260807, 145, 175, 1:110, 2:31, 3:13, 4:6, 5:3, 6:4, 7:1, 8:2, 9:1, 13:1, 14:2, 53:1,
1274154900, 1, 253629, 253312, 135, 182, 1:101, 2:38, 3:18, 4:7, 5:5, 6:5, 7:2, 8:1, 12:2, 13:1, 16:1, 67:1,
1274155200, 0, 262145, 261815, 140, 190, 1:118, 2:36, 3:12, 4:10, 5:4, 6:3, 8:2, 9:1, 12:1, 13:1, 15:1, 48:1,
1274155500, 0, 273548, 273188, 174, 186, 1:123, 2:27, 3:19, 4:4, 5:2, 6:2, 7:3, 8:1, 10:2, 12:1, 13:1, 62:1,
1274155800, 0, 273996, 273633, 176, 187, 1:121, 2:30, 3:16, 4:7, 5:1, 6:5, 7:2, 8:1, 9:1, 10:1, 12:1, 53:1,
1274156100, 0, 259422, 259038, 171, 213, 1:129, 2:47, 3:15, 4:5, 5:2, 6:5, 7:4, 8:1, 9:1, 10:1, 12:1, 14:1, 57:1,
1274156400, 2, 251296, 250931, 159, 206, 1:131, 2:43, 3:9, 4:7, 5:4, 6:2, 7:2, 8:2, 10:1, 11:1, 12:1, 22:1, 34:1, 58:1,
1274156700, 0, 254195, 253847, 146, 202, 1:123, 2:41, 3:14, 4:5, 5:5, 6:4, 7:2, 8:2, 9:1, 10:2, 11:1, 24:1, 58:1,
1274157000, 0, 254774, 254412, 169, 193, 1:128, 2:28, 3:12, 4:9, 5:3, 6:5, 7:2, 8:2, 9:1, 10:1, 17:1, 58:1,
1274157300, 0, 259549, 259125, 208, 216, 1:118, 2:56, 3:16, 4:5, 5:5, 6:5, 7:3, 8:1, 9:2, 10:1, 11:2, 12:1, 61:1,
1274157600, 0, 259247, 258861, 182, 204, 1:134, 2:38, 3:12, 4:4, 5:3, 6:4, 7:4, 8:1, 9:1, 15:2, 60:1,
1274157901, 0, 234569, 234155, 187, 227, 1:152, 2:38, 3:12, 4:10, 5:1, 6:4, 7:2, 8:3, 10:2, 12:1, 17:1, 64:1,
1274158200, 0, 210916, 210529, 176, 211, 1:152, 2:29, 3:12, 4:2, 5:2, 6:1, 7:3, 8:3, 9:1, 10:2, 11:1, 12:1, 13:1, 58:1,
1274158500, 0, 214056, 213677, 160, 219, 1:147, 2:37, 3:11, 4:11, 5:2, 6:3, 8:3, 10:1, 12:1, 13:2, 66:1,
1274158800, 0, 214426, 214029, 192, 205, 1:138, 2:42, 3:8, 4:4, 5:3, 7:3, 8:2, 10:1, 12:1, 13:1, 14:1, 63:1,
1274159100, 1, 224195, 223597, 353, 245, 1:173, 2:34, 3:11, 4:10, 5:4, 6:3, 8:2, 9:2, 10:2, 12:1, 18:2, 69:1,
1274159400, 0, 263590, 263042, 273, 275, 1:178, 2:45, 3:22, 4:5, 5:7, 6:4, 7:6, 8:1, 9:1, 10:1, 12:1, 13:2, 21:1, 58:1,
1274159700, 0, 291043, 290564, 247, 232, 1:134, 2:55, 3:14, 4:7, 5:3, 6:5, 7:4, 8:1, 9:2, 12:1, 13:3, 14:1, 19:1, 72:1,
1274160000, 0, 295798, 295321, 199, 278, 1:187, 2:49, 3:16, 4:9, 5:4, 6:1, 7:4, 8:1, 10:1, 11:1, 12:1, 14:1, 18:1, 20:1, 73:1,
1274160300, 0, 298963, 298494, 225, 244, 1:156, 2:41, 3:19, 4:13, 5:4, 6:1, 7:1, 8:2, 9:1, 12:1, 14:2, 15:2, 68:1,
1274160600, 0, 305772, 305323, 207, 242, 1:173, 2:39, 3:5, 4:9, 5:3, 6:5, 8:2, 9:1, 10:1, 14:1, 15:1, 20:1, 66:1,
1274160900, 0, 308223, 307713, 266, 244, 1:157, 2:48, 3:15, 4:8, 5:6, 6:1, 7:1, 8:2, 9:1, 11:1, 15:3, 62:1,
1274161200, 1, 313088, 312544, 271, 273, 1:191, 2:47, 3:11, 4:6, 5:5, 7:2, 8:4, 10:1, 11:1, 12:2, 13:1, 15:1, 68:1,
1274161500, 0, 329043, 328485, 278, 280, 1:178, 2:52, 3:22, 4:13, 5:6, 6:3, 8:2, 13:1, 14:2, 72:1,
1274161800, 0, 350543, 349706, 518, 319, 1:217, 2:59, 3:20, 4:5, 5:5, 6:3, 7:3, 8:1, 9:1, 10:3, 11:1, 61:1,
1274162100, 0, 348374, 347819, 289, 266, 1:168, 2:46, 3:19, 4:17, 5:4, 6:2, 7:4, 9:1, 12:2, 15:1, 16:1, 72:1,
1274162400, 0, 347160, 346633, 246, 281, 1:175, 2:59, 3:22, 4:9, 5:4, 6:2, 7:1, 8:1, 9:1, 10:1, 11:1, 12:1, 13:1, 14:2, 71:1,
1274162700, 0, 373132, 372428, 384, 320, 1:206, 2:55, 3:18, 4:15, 5:11, 6:6, 7:3, 8:1, 10:1, 14:1, 15:2, 80:1,
1274163000, 0, 360284, 359609, 355, 320, 1:203, 2:51, 3:27, 4:11, 5:5, 6:4, 7:4, 8:3, 9:5, 10:1, 11:1, 13:1, 15:1, 17:1, 18:1, 70:1,
1274163300, 0, 368179, 367472, 333, 374, 1:222, 2:80, 3:30, 4:15, 5:8, 6:3, 7:5, 8:3, 9:2, 14:1, 15:1, 16:1, 17:2, 76:1,
1274163600, 0, 374391, 373667, 363, 361, 1:231, 2:65, 3:25, 4:13, 5:9, 6:5, 7:5, 8:1, 9:1, 11:2, 12:1, 13:1, 14:1, 75:1,
1274163900, 1, 375580, 374910, 347, 323, 1:210, 2:68, 3:16, 4:9, 5:4, 6:5, 7:3, 8:1, 10:1, 12:1, 13:1, 15:1, 16:1, 17:1, 71:1,
1274164200, 0, 384775, 384063, 347, 365, 1:234, 2:62, 3:22, 4:18, 5:12, 6:3, 7:2, 8:3, 9:3, 10:1, 14:1, 15:2, 19:1, 67:1,
1274164501, 1, 395801, 394929, 475, 397, 1:248, 2:81, 3:17, 4:19, 5:10, 6:9, 7:4, 9:1, 10:3, 11:1, 16:3, 75:1,
1274164801, 0, 400461, 399639, 424, 398, 1:272, 2:54, 3:29, 4:15, 5:6, 6:4, 7:3, 8:3, 9:2, 10:4, 11:1, 12:1, 16:1, 17:1, 19:1, 69:1,
1274165100, 0, 402465, 401502, 485, 478, 1:332, 2:79, 3:27, 4:15, 5:5, 6:5, 7:3, 8:2, 9:3, 10:2, 12:1, 17:1, 18:2, 75:1,
1274165401, 2, 404889, 404003, 427, 459, 1:308, 2:70, 3:37, 4:13, 5:10, 6:9, 7:3, 8:2, 10:2, 12:1, 14:1, 15:2, 74:1,
1274165701, 0, 413174, 412347, 407, 420, 1:274, 2:83, 3:21, 4:14, 5:9, 6:3, 7:5, 8:2, 9:1, 10:2, 14:2, 15:1, 17:1, 18:1, 81:1,
1274166000, 0, 423284, 422399, 460, 425, 1:289, 2:74, 3:20, 4:11, 5:10, 6:2, 7:6, 8:4, 9:1, 11:2, 13:1, 16:1, 19:2, 20:1, 66:1,
1274166300, 0, 433066, 432083, 549, 434, 1:276, 2:92, 3:26, 4:6, 5:5, 6:11, 7:3, 8:3, 9:3, 10:3, 12:1, 13:2, 14:1, 16:1, 17:1,
1274166600, 7, 441079, 440183, 447, 449, 1:293, 2:76, 3:25, 4:22, 5:7, 6:8, 7:4, 8:1, 9:3, 10:3, 11:2, 13:1, 16:1, 17:1, 18:1, 21:1,
1274166900, 0, 455394, 454313, 537, 544, 1:347, 2:112, 3:35, 4:20, 5:13, 6:7, 7:4, 8:1, 10:2, 16:2, 18:1,
1274167200, 0, 456519, 455515, 524, 480, 1:318, 2:79, 3:29, 4:19, 5:7, 6:8, 7:7, 8:5, 9:1, 11:3, 13:1, 14:1, 18:1, 19:1,
1274167500, 3, 449239, 448212, 520, 507, 1:324, 2:107, 3:30, 4:12, 5:9, 6:4, 7:7, 8:3, 9:4, 10:2, 11:1, 17:1, 19:3,
1274167801, 1, 461276, 460053, 624, 599, 1:382, 2:124, 3:35, 4:24, 5:7, 6:8, 7:3, 8:3, 9:5, 10:2, 12:1, 13:1, 14:1, 16:1, 19:1, 29:1,
1274168100, 0, 471088, 469941, 613, 534, 1:373, 2:71, 3:46, 4:11, 5:7, 6:8, 7:3, 8:4, 9:1, 10:2, 11:1, 12:2, 16:1, 17:2, 18:1, 20:1,
1274168400, 0, 535264, 533973, 746, 545, 1:342, 2:106, 3:41, 4:13, 5:12, 6:9, 7:6, 8:2, 9:1, 10:4, 11:3, 12:1, 14:1, 17:1, 19:1, 20:1, 29:1,
1274168701, 1, 515137, 513825, 745, 567, 1:384, 2:97, 3:34, 4:17, 5:12, 6:4, 7:6, 8:5, 9:2, 10:1, 11:1, 15:2, 19:1, 62:1,
1274169000, 0, 480846, 479497, 781, 568, 1:363, 2:107, 3:45, 4:18, 5:10, 6:7, 7:4, 8:2, 9:2, 10:1, 11:1, 12:2, 14:2, 17:3, 31:1,
1274169300, 0, 483279, 482036, 703, 540, 1:353, 2:94, 3:38, 4:18, 5:12, 6:5, 7:2, 8:4, 9:7, 11:1, 13:1, 14:2, 15:1, 16:1, 19:1,
1274169601, 1, 511754, 510488, 663, 603, 1:377, 2:125, 3:43, 4:18, 5:9, 6:6, 7:9, 8:3, 9:1, 10:2, 11:1, 12:1, 13:2, 14:2, 15:1, 17:1, 19:1, 28:1,
1274169900, 0, 510885, 509656, 659, 570, 1:376, 2:104, 3:29, 4:17, 5:18, 6:12, 7:1, 8:3, 9:3, 10:2, 12:1, 14:1, 16:2, 19:1,
1274170200, 0, 520169, 518903, 704, 562, 1:357, 2:99, 3:33, 4:24, 5:20, 6:7, 7:4, 8:3, 9:2, 10:5, 11:2, 14:1, 15:1, 17:1, 18:2, 19:1,
1274170500, 0, 513375, 511895, 850, 630, 1:420, 2:121, 3:38, 4:10, 5:8, 6:13, 7:3, 8:3, 9:2, 10:5, 11:1, 12:1, 13:2, 15:1, 18:1, 19:1,
1274170800, 0, 521555, 519561, 1245, 749, 1:517, 2:122, 3:49, 4:26, 5:11, 6:4, 7:5, 8:3, 9:3, 10:2, 11:1, 15:2, 16:1, 18:1, 21:2,
1274171100, 1, 532932, 531456, 869, 607, 1:396, 2:112, 3:48, 4:16, 5:12, 6:4, 7:1, 8:3, 9:6, 10:1, 13:2, 14:1, 15:1, 16:1, 17:2, 19:1,
1274171400, 4, 518023, 516473, 871, 679, 1:464, 2:107, 3:41, 4:22, 5:14, 6:10, 7:7, 8:1, 9:3, 10:1, 11:2, 12:3, 19:1, 21:1, 23:1, 36:1,
1274171700, 0, 510599, 504766, 2566, 3267, 1:1818, 2:728, 3:281, 4:140, 5:86, 6:59, 7:39, 8:22, 9:5, 10:16, 11:9, 12:14, 13:5, 14:5, 15:7, 16:7, 17:1, 18:3, 19:2, 20:5, 21:2, 22:2, 24:1, 25:1, 26:1, 27:2, 28:1, 29:1, 30:1, 32:1, 34:1, 36:1,
1274172000, 0, 509660, 503271, 2318, 4071, 1:2077, 2:864, 3:371, 4:223, 5:119, 6:81, 7:46, 8:40, 9:35, 10:19, 11:14, 12:14, 13:10, 14:15, 15:13, 16:10, 17:16, 18:5, 19:9, 20:7, 21:8, 22:9, 23:5, 24:1, 25:8, 26:3, 27:1, 28:2, 29:2, 30:1, 31:7, 34:1, 35:2, 36:3, 38:1, 40:1, 41:2, 42:3, 43:3, 44:2, 45:1, 48:1, 50:1, 52:2, 53:3, 55:2, 56:1, 58:1, 69:1, 72:1, 73:1, 104:1, 247:1, 658:1,
1274172300, 0, 522079, 516100, 2625, 3354, 1:1881, 2:737, 3:296, 4:168, 5:79, 6:46, 7:30, 8:27, 9:21, 10:20, 11:4, 12:4, 13:8, 14:7, 15:5, 16:6, 17:2, 19:2, 20:1, 21:3, 22:2, 23:2, 25:1, 28:1, 35:1,
1274172600, 0, 544664, 543167, 821, 676, 1:461, 2:112, 3:40, 4:26, 5:10, 6:10, 7:4, 8:2, 9:2, 10:1, 11:2, 12:1, 16:1, 17:3, 36:1,
1274172900, 0, 555416, 554078, 684, 654, 1:429, 2:125, 3:35, 4:20, 5:12, 6:9, 7:5, 8:6, 9:3, 10:2, 11:2, 12:1, 13:1, 15:1, 18:1, 23:1, 32:1,
1274173200, 0, 554152, 552683, 763, 706, 1:522, 2:90, 3:34, 4:20, 5:10, 6:10, 7:3, 8:6, 9:2, 10:2, 12:1, 13:1, 14:2, 15:1, 16:1, 24:1,
1274173500, 1, 561385, 559591, 1080, 714, 1:491, 2:111, 3:41, 4:19, 5:11, 6:9, 7:8, 8:5, 9:2, 10:2, 11:4, 12:3, 13:2, 14:1, 15:1, 20:2, 21:1, 25:1,
1274173800, 0, 546527, 544995, 900, 632, 1:405, 2:116, 3:43, 4:19, 5:14, 6:9, 7:7, 8:4, 9:3, 10:4, 12:2, 13:1, 14:1, 18:1, 20:1, 23:1, 24:1,
1274174100, 0, 545621, 544275, 711, 635, 1:399, 2:109, 3:61, 4:32, 5:12, 6:6, 7:1, 8:1, 9:1, 10:3, 11:1, 13:1, 14:2, 16:2, 18:1, 19:1, 40:2,
1274174400, 0, 518952, 517627, 726, 599, 1:398, 2:103, 3:30, 4:26, 5:10, 6:7, 7:4, 8:3, 9:6, 10:1, 11:4, 12:1, 15:1, 16:1, 19:1, 20:1, 33:1, 36:1,
1274174700, 0, 530348, 528979, 748, 621, 1:406, 2:119, 3:33, 4:19, 5:13, 6:10, 7:3, 8:3, 9:4, 10:2, 11:1, 14:1, 17:1, 18:1, 20:1, 21:1, 37:1, 53:1, 55:1,
1274175000, 0, 536446, 535052, 741, 653, 1:425, 2:128, 3:47, 4:16, 5:11, 6:4, 7:7, 8:3, 9:3, 12:1, 13:1, 15:1, 16:1, 20:1, 21:1, 50:2, 70:1,
1274175300, 0, 527591, 526119, 806, 666, 1:422, 2:120, 3:46, 4:29, 5:18, 6:11, 7:2, 8:5, 9:2, 10:2, 11:2, 13:1, 17:1, 18:2, 19:1, 52:1, 53:1,
1274175601, 3, 524566, 523288, 660, 618, 1:395, 2:126, 3:40, 4:15, 5:13, 6:5, 7:4, 8:3, 9:4, 10:4, 11:1, 12:1, 15:1, 16:1, 17:1, 19:1, 29:1, 43:1, 44:1,
1274175900, 0, 515875, 514611, 678, 586, 1:396, 2:90, 3:37, 4:27, 5:12, 6:5, 7:4, 8:5, 9:1, 11:2, 15:1, 16:1, 17:1, 19:2, 45:2,
1274176200, 0, 515743, 514605, 602, 536, 1:347, 2:92, 3:32, 4:23, 5:10, 6:7, 7:4, 8:8, 9:2, 10:1, 11:3, 15:1, 16:1, 17:1, 20:1, 33:1, 39:1, 40:1,
1274176500, 0, 514714, 513331, 770, 613, 1:411, 2:100, 3:47, 4:25, 5:8, 6:5, 7:1, 8:3, 9:3, 10:2, 11:1, 12:1, 14:1, 15:2, 28:1, 30:1, 31:1,
1274176800, 0, 521501, 520121, 775, 605, 1:417, 2:70, 3:39, 4:24, 5:23, 6:6, 7:7, 8:4, 9:1, 10:4, 11:1, 14:3, 17:1, 20:1, 30:1, 35:1, 36:1, 53:1,
1274177100, 2, 548118, 546746, 756, 616, 1:431, 2:93, 3:38, 4:18, 5:10, 6:5, 7:2, 8:3, 9:4, 10:2, 11:3, 12:1, 15:1, 17:1, 19:1, 24:1, 25:1, 70:1,
1274177400, 0, 535173, 534032, 610, 531, 1:343, 2:87, 3:44, 4:25, 5:12, 6:3, 7:1, 8:3, 9:2, 11:4, 14:1, 15:1, 17:1, 44:2, 62:1, 75:1,
1274177700, 0, 535172, 533996, 575, 601, 1:412, 2:85, 3:48, 4:24, 5:12, 6:4, 7:3, 8:1, 10:1, 11:3, 12:1, 18:2, 19:1, 22:1, 45:1, 46:1, 70:1,
1274178000, 0, 516864, 515673, 642, 549, 1:368, 2:92, 3:34, 4:19, 5:10, 6:5, 7:6, 8:2, 9:2, 10:2, 11:2, 12:1, 14:1, 19:2, 45:1, 47:1, 76:1,
1274178300, 2, 547353, 546154, 642, 557, 1:399, 2:86, 3:28, 4:14, 5:11, 6:3, 7:2, 8:2, 9:3, 10:2, 11:1, 13:1, 14:2, 20:1, 32:1, 78:1,
1274178600, 0, 520907, 519823, 550, 534, 1:368, 2:74, 3:44, 4:22, 5:10, 6:2, 7:1, 8:3, 9:1, 10:3, 12:1, 13:2, 19:2, 75:1,
1274178900, 0, 527157, 525761, 812, 584, 1:419, 2:88, 3:30, 4:17, 5:14, 6:2, 7:1, 8:1, 9:3, 11:2, 13:1, 18:1, 19:1, 21:1, 22:1, 33:1, 81:1,
1274179200, 0, 574564, 573397, 636, 531, 1:331, 2:111, 3:37, 4:14, 5:11, 6:3, 7:7, 8:2, 9:6, 10:2, 11:2, 14:1, 15:1, 17:1, 23:1, 76:1,
1274179500, 0, 578150, 576920, 699, 531, 1:361, 2:86, 3:44, 4:14, 5:6, 6:4, 7:5, 8:1, 10:1, 11:2, 12:1, 14:1, 15:1, 18:1, 27:1, 33:1, 70:1,
1274179800, 1, 561480, 560421, 599, 460, 1:310, 2:67, 3:31, 4:14, 5:11, 6:10, 7:7, 8:1, 11:2, 13:1, 15:1, 16:2, 21:1, 36:1, 75:1,
1274180100, 2, 556786, 555626, 680, 480, 1:333, 2:74, 3:24, 4:15, 5:12, 6:5, 7:1, 8:5, 9:4, 13:2, 16:3, 35:1, 72:1,
1274180400, 0, 550847, 549654, 649, 544, 1:379, 2:88, 3:27, 4:19, 5:9, 6:6, 7:3, 8:3, 9:2, 10:2, 11:1, 12:1, 14:1, 16:1, 19:1, 78:1,
1274180700, 0, 548586, 547289, 756, 541, 1:357, 2:83, 3:43, 4:26, 5:8, 6:5, 7:6, 8:3, 9:2, 10:2, 11:1, 16:1, 17:2, 21:1, 68:1,
1274181000, 1, 542172, 540973, 637, 562, 1:360, 2:101, 3:48, 4:19, 5:12, 6:4, 7:8, 8:1, 10:1, 11:1, 12:1, 16:1, 17:2, 18:1, 19:1, 72:1,
1274181301, 1, 542276, 541005, 680, 591, 1:396, 2:115, 3:31, 4:19, 5:6, 6:5, 7:4, 8:3, 9:1, 10:4, 11:1, 13:2, 17:1, 18:1, 19:1, 73:1,
1274181600, 3, 551213, 550019, 656, 538, 1:345, 2:107, 3:40, 4:13, 5:9, 6:1, 7:5, 8:5, 9:5, 10:3, 11:1, 12:1, 19:1, 20:1, 83:1,
1274181900, 3, 556233, 554950, 696, 587, 1:406, 2:94, 3:38, 4:16, 5:6, 6:7, 7:2, 8:3, 9:1, 10:3, 11:4, 12:2, 13:1, 15:2, 17:1, 69:1,
1274182200, 0, 568894, 567610, 716, 568, 1:406, 2:95, 3:21, 4:17, 5:9, 6:2, 7:6, 8:3, 10:1, 12:2, 15:2, 16:1, 19:2, 77:1,
1274182500, 0, 579911, 578600, 752, 559, 1:383, 2:92, 3:30, 4:18, 5:6, 6:9, 7:3, 8:1, 9:4, 10:1, 11:2, 12:2, 13:1, 14:1, 15:1, 16:1, 18:1, 19:1, 20:1, 81:1,
1274182800, 0, 579767, 578379, 853, 535, 1:376, 2:86, 3:26, 4:15, 5:8, 6:5, 7:5, 8:2, 9:1, 10:1, 11:1, 13:2, 18:2, 19:1, 23:1, 26:1, 64:1, 77:1,
1274183100, 0, 566212, 564764, 845, 603, 1:417, 2:106, 3:30, 4:17, 5:9, 6:2, 7:4, 8:4, 9:3, 11:4, 12:1, 13:1, 17:1, 18:1, 20:1, 46:1, 73:1,
1274183400, 0, 566447, 564975, 867, 605, 1:407, 2:110, 3:28, 4:22, 5:6, 6:3, 7:2, 8:9, 9:3, 10:2, 12:4, 13:3, 14:1, 17:2, 18:2, 85:1,
1274183700, 0, 571623, 570017, 969, 637, 1:444, 2:103, 3:37, 4:17, 5:11, 6:6, 7:7, 8:2, 10:2, 12:2, 13:1, 14:1, 16:1, 17:1, 18:1, 82:1,
1274184000, 1, 620262, 618568, 991, 703, 1:487, 2:112, 3:37, 4:19, 5:13, 6:7, 7:7, 8:5, 9:6, 10:3, 15:1, 18:1, 19:2, 22:1, 36:1, 83:1,
1274184300, 0, 645975, 644137, 1130, 708, 1:482, 2:100, 3:50, 4:26, 5:10, 6:6, 7:8, 8:8, 9:2, 10:4, 11:1, 12:1, 13:2, 14:2, 16:1, 17:1, 18:1, 20:1, 22:1, 81:1,
1274184600, 1, 618775, 617292, 859, 624, 1:417, 2:97, 3:37, 4:26, 5:13, 6:12, 7:5, 8:2, 9:2, 10:2, 11:1, 12:5, 14:1, 18:2, 19:1, 79:1,
1274184902, 1, 594735, 592998, 1043, 694, 1:483, 2:130, 3:35, 4:13, 5:6, 6:9, 7:5, 8:1, 9:1, 10:2, 12:1, 14:1, 15:1, 16:2, 17:1, 18:1, 41:1, 82:1,
1274185200, 1, 582952, 581350, 975, 627, 1:444, 2:89, 3:29, 4:21, 5:17, 6:3, 7:8, 8:1, 9:5, 10:1, 11:2, 13:1, 14:1, 15:3, 21:1, 82:1,
1274185500, 0, 580554, 578510, 1342, 702, 1:478, 2:125, 3:40, 4:20, 5:5, 6:9, 7:8, 8:5, 9:1, 11:5, 12:2, 14:1, 19:2, 74:1,
1274185800, 0, 593845, 591899, 1231, 715, 1:516, 2:108, 3:37, 4:20, 5:7, 6:8, 7:4, 8:1, 9:4, 10:1, 11:1, 12:1, 13:1, 14:1, 15:2, 16:1, 19:1, 30:1,
1274186100, 0, 603326, 601385, 1239, 702, 1:492, 2:100, 3:44, 4:26, 5:9, 6:6, 7:5, 8:3, 9:4, 10:1, 12:3, 13:2, 14:1, 16:2, 17:2, 19:1, 25:1,
1274186400, 1, 577998, 576276, 1037, 685, 1:464, 2:113, 3:41, 4:19, 5:10, 6:8, 7:5, 8:6, 9:3, 10:10, 14:1, 15:1, 18:2, 20:1, 34:1,
1274186700, 1, 583477, 581615, 1096, 766, 1:500, 2:151, 3:53, 4:18, 5:4, 6:10, 7:11, 8:6, 9:3, 10:2, 11:1, 12:1, 13:1, 15:3, 20:1, 43:1,
1274187000, 0, 580801, 578927, 1186, 688, 1:476, 2:104, 3:47, 4:22, 5:14, 6:4, 7:5, 8:4, 9:2, 10:3, 11:2, 12:2, 13:1, 14:1, 16:1,
1274187300, 0, 590709, 588995, 1053, 661, 1:454, 2:96, 3:43, 4:22, 5:15, 6:7, 7:8, 8:2, 9:2, 10:1, 11:5, 14:1, 15:2, 17:1, 18:1, 49:1,
1274187600, 0, 591709, 590124, 942, 643, 1:447, 2:97, 3:48, 4:17, 5:10, 6:6, 7:3, 8:4, 9:2, 10:3, 11:1, 15:3, 16:1, 36:1,
1274187901, 0, 611578, 609658, 1261, 659, 1:452, 2:102, 3:40, 4:21, 5:17, 6:7, 7:4, 8:1, 9:4, 11:3, 12:3, 13:2, 14:1, 15:1, 16:1,
1274188200, 0, 605573, 603892, 1027, 654, 1:456, 2:111, 3:40, 4:8, 5:12, 6:9, 7:3, 8:3, 9:3, 10:5, 11:1, 14:2, 17:1,
1274188502, 0, 603829, 602144, 992, 693, 1:478, 2:105, 3:44, 4:24, 5:12, 6:10, 7:5, 8:4, 9:1, 10:4, 11:1, 12:1, 14:1, 15:2, 38:1,
1274188800, 0, 597399, 595900, 867, 632, 1:434, 2:94, 3:45, 4:22, 5:16, 6:3, 7:8, 8:1, 9:1, 11:1, 12:2, 13:1, 14:1, 15:1, 17:2,
1274189100, 1, 610736, 609097, 990, 649, 1:464, 2:98, 3:31, 4:26, 5:7, 6:6, 7:2, 8:1, 9:2, 10:2, 11:1, 12:1, 13:3, 15:1, 16:3, 34:1,
1274189400, 1, 594074, 592484, 962, 628, 1:436, 2:101, 3:41, 4:15, 5:7, 6:6, 7:10, 8:1, 9:3, 11:2, 12:2, 15:2, 16:1, 33:1,
1274189700, 5, 600613, 598823, 1129, 661, 1:477, 2:101, 3:38, 4:11, 5:10, 6:9, 7:3, 8:1, 9:2, 10:2, 11:1, 13:1, 14:1, 15:2, 16:1, 18:1,
1274190000, 0, 603461, 601947, 935, 579, 1:420, 2:83, 3:33, 4:11, 5:9, 6:6, 7:4, 8:1, 9:2, 10:2, 11:3, 12:1, 13:1, 15:1, 16:2,
1274190300, 0, 597253, 595517, 1071, 665, 1:471, 2:98, 3:45, 4:21, 5:6, 6:7, 7:4, 8:2, 9:4, 12:1, 13:2, 14:1, 15:1, 19:2,
1274190600, 0, 593182, 591306, 1123, 753, 1:539, 2:125, 3:35, 4:21, 5:15, 6:5, 7:1, 8:1, 9:3, 11:1, 13:1, 14:1, 15:1, 16:1, 18:1, 20:1, 26:1,
1274190900, 0, 593342, 591474, 1177, 691, 1:500, 2:110, 3:27, 4:18, 5:14, 6:2, 7:1, 8:6, 9:4, 11:3, 12:1, 13:1, 14:1, 16:2, 34:1,
1274191200, 1, 579533, 577920, 990, 623, 1:435, 2:85, 3:44, 4:23, 5:10, 6:6, 7:3, 8:3, 9:1, 10:3, 11:2, 12:1, 13:1, 14:1, 17:1, 19:1, 20:1, 23:1, 30:1,
1274191500, 0, 596143, 594474, 1045, 624, 1:440, 2:101, 3:37, 4:11, 5:9, 6:4, 7:4, 8:4, 9:4, 10:5, 12:1, 15:1, 16:1, 18:1, 28:1,
1274191800, 0, 592174, 590303, 1237, 634, 1:461, 2:90, 3:32, 4:12, 5:10, 6:5, 7:7, 8:2, 9:4, 10:1, 11:1, 12:2, 13:3, 14:1, 17:1, 18:1, 31:1,
1274192100, 1, 591697, 589525, 1449, 723, 1:527, 2:101, 3:38, 4:23, 5:10, 6:8, 7:2, 8:2, 9:6, 10:2, 11:1, 13:1, 17:1, 18:1,
1274192400, 0, 588019, 586221, 1113, 685, 1:477, 2:100, 3:38, 4:25, 5:17, 6:10, 7:8, 8:3, 9:3, 13:1, 18:1, 19:2,
1274192700, 1, 597695, 595910, 1126, 659, 1:476, 2:94, 3:41, 4:16, 5:7, 6:11, 7:3, 8:2, 9:3, 10:2, 13:2, 17:1, 19:1,
1274193001, 1, 590908, 589103, 1122, 683, 1:473, 2:111, 3:44, 4:20, 5:14, 6:3, 7:4, 8:3, 9:2, 10:2, 13:1, 14:1, 18:2, 19:1, 21:1, 36:1,
1274193300, 0, 600377, 598526, 1170, 681, 1:466, 2:108, 3:28, 4:28, 5:18, 6:18, 7:2, 9:5, 11:1, 13:1, 14:1, 15:1, 16:1, 18:2, 29:1,
1274193600, 0, 606629, 604988, 1006, 635, 1:435, 2:118, 3:41, 4:13, 5:7, 6:3, 7:3, 8:4, 9:2, 10:1, 11:1, 13:1, 14:1, 16:1, 17:2, 18:2,
1274193900, 0, 602973, 601346, 988, 639, 1:450, 2:99, 3:45, 4:18, 5:5, 6:3, 7:5, 8:1, 9:3, 10:2, 11:1, 13:2, 18:2, 34:1, 45:1, 47:1,
1274194200, 1, 625658, 623967, 1045, 646, 1:460, 2:109, 3:28, 4:18, 5:9, 6:6, 7:3, 8:3, 9:3, 10:2, 12:1, 17:2, 38:1, 39:1,
1274194500, 0, 622294, 620289, 1287, 718, 1:531, 2:92, 3:39, 4:19, 5:11, 6:6, 7:5, 8:4, 9:1, 10:1, 11:1, 13:2, 15:1, 17:1, 27:1, 29:3,
1274194800, 1, 642939, 641427, 910, 602, 1:412, 2:91, 3:53, 4:19, 5:4, 6:6, 7:2, 8:2, 9:4, 10:2, 11:1, 12:2, 15:1, 18:1, 34:1, 35:1,
1274195100, 0, 626637, 625019, 1025, 593, 1:424, 2:102, 3:26, 4:11, 5:6, 6:7, 7:3, 8:2, 9:3, 10:1, 11:2, 12:1, 14:2, 15:2, 41:1,
1274195400, 0, 630174, 628671, 907, 596, 1:429, 2:92, 3:29, 4:13, 5:8, 6:5, 7:4, 8:1, 9:5, 10:2, 12:1, 17:2, 31:2, 32:1, 46:1, 47:1,
1274195700, 0, 629377, 627878, 828, 671, 1:474, 2:102, 3:41, 4:22, 5:10, 6:6, 7:3, 9:1, 10:2, 11:1, 12:1, 15:1, 16:1, 18:1, 28:1, 34:1, 36:1, 39:2,
1274196000, 0, 621301, 620068, 689, 544, 1:375, 2:100, 3:25, 4:17, 5:10, 6:4, 7:2, 8:1, 9:3, 10:1, 14:1, 17:3, 18:1, 32:1,
1274196300, 0, 631661, 630290, 808, 563, 1:385, 2:92, 3:42, 4:17, 5:9, 6:6, 7:4, 8:1, 9:1, 10:1, 11:1, 12:1, 16:1, 17:1, 19:1,
1274196600, 0, 611218, 609845, 772, 601, 1:423, 2:104, 3:27, 4:20, 5:4, 6:5, 7:5, 8:1, 9:3, 10:1, 11:1, 12:1, 15:1, 16:2, 29:1, 41:1, 43:1,
1274196900, 0, 610968, 609349, 921, 698, 1:463, 2:128, 3:40, 4:18, 5:15, 6:9, 7:4, 8:3, 9:2, 10:2, 11:2, 12:2, 15:1, 16:2, 17:1, 19:1, 25:1, 28:1, 36:1, 37:1, 38:1,
1274197200, 0, 598049, 596593, 829, 627, 1:447, 2:98, 3:31, 4:18, 5:8, 6:5, 7:2, 8:3, 9:1, 10:2, 11:4, 12:1, 16:1, 17:1, 20:1, 30:1, 31:1, 37:1, 38:1,
1274197500, 0, 580098, 578565, 935, 598, 1:411, 2:113, 3:34, 4:14, 5:5, 6:5, 7:5, 11:4, 17:1, 19:1, 32:1, 34:2, 41:1, 44:1,
1274197800, 0, 578954, 577606, 772, 576, 1:394, 2:91, 3:33, 4:18, 5:10, 6:8, 7:2, 8:3, 9:2, 11:1, 13:2, 14:1, 15:1, 16:2, 20:1, 21:1, 24:1, 30:1, 32:1, 35:1, 36:1, 37:1,
1274198100, 1, 569066, 567753, 696, 617, 1:429, 2:99, 3:28, 4:16, 5:14, 6:9, 7:5, 8:3, 10:1, 12:2, 14:1, 15:1, 16:1, 18:2, 20:1, 27:1, 32:1, 33:1, 35:2,
1274198400, 0, 546086, 544890, 600, 596, 1:416, 2:102, 3:29, 4:19, 5:5, 6:4, 7:4, 8:2, 9:1, 11:3, 12:1, 14:4, 17:2, 30:1, 33:1, 35:1, 55:1,
1274198700, 0, 540636, 539237, 825, 574, 1:388, 2:91, 3:32, 4:20, 5:14, 6:6, 7:5, 8:3, 9:1, 10:1, 11:2, 12:1, 13:2, 15:1, 16:1, 17:1, 20:1, 36:1, 37:1, 39:1, 41:1,
1274199000, 0, 552528, 551277, 776, 475, 1:336, 2:57, 3:36, 4:13, 5:15, 6:3, 7:2, 8:4, 10:1, 14:2, 17:1, 18:1, 22:1, 26:1, 42:2,
1274199300, 0, 575608, 574461, 605, 542, 1:371, 2:87, 3:37, 4:15, 5:11, 6:5, 7:5, 10:2, 12:2, 14:1, 15:1, 18:3, 41:1, 42:1,
1274199600, 1, 556791, 555659, 655, 477, 1:323, 2:84, 3:26, 4:18, 5:6, 6:3, 7:6, 8:2, 9:1, 10:1, 11:3, 12:1, 13:1, 15:1, 17:1,
1274199900, 1, 552121, 551116, 552, 453, 1:314, 2:59, 3:30, 4:20, 5:9, 6:4, 7:5, 8:3, 9:2, 10:1, 11:2, 13:1, 14:3,
1274200200, 1, 547854, 546918, 546, 390, 1:259, 2:55, 3:21, 4:26, 5:11, 6:5, 7:2, 8:2, 9:3, 10:1, 11:1, 13:1, 16:2, 18:1,
1274200500, 0, 543503, 542502, 566, 435, 1:302, 2:63, 3:30, 4:15, 5:7, 6:3, 7:1, 8:1, 9:4, 10:1, 11:1, 12:3, 15:1, 17:2, 18:1,
1274200800, 0, 513526, 512600, 529, 397, 1:268, 2:61, 3:23, 4:19, 5:9, 6:6, 8:4, 9:2, 10:1, 13:1, 15:1, 16:1, 19:1,
1274201101, 0, 514202, 513383, 407, 412, 1:284, 2:62, 3:31, 4:13, 5:3, 6:5, 7:4, 9:1, 10:1, 11:2, 12:1, 13:1, 14:1, 15:1, 16:1, 62:1,
1274201400, 0, 538718, 537753, 521, 444, 1:317, 2:68, 3:25, 4:16, 5:3, 6:4, 7:3, 8:2, 9:1, 11:1, 12:1, 14:1, 15:2,
1274201700, 0, 535720, 534905, 444, 371, 1:250, 2:66, 3:26, 4:10, 5:9, 6:1, 7:3, 8:1, 9:2, 11:1, 13:2,
1274202000, 1, 530194, 529284, 481, 429, 1:302, 2:72, 3:26, 4:14, 5:3, 6:3, 7:2, 8:1, 9:2, 10:1, 11:1, 13:2,
1274202300, 0, 541766, 540806, 534, 426, 1:284, 2:73, 3:34, 4:16, 5:5, 6:2, 7:2, 8:2, 9:2, 11:1, 12:2, 14:1, 16:1, 44:1,
1274202600, 0, 556559, 555688, 469, 402, 1:275, 2:72, 3:26, 4:12, 5:6, 6:3, 7:2, 9:3, 11:1, 13:1, 16:1,
1274202900, 0, 543004, 541986, 555, 463, 1:303, 2:93, 3:35, 4:11, 5:9, 6:3, 7:1, 9:1, 10:1, 11:1, 12:3, 13:1, 14:1,
1274203200, 0, 516741, 515771, 552, 418, 1:281, 2:65, 3:30, 4:16, 5:9, 6:3, 7:2, 8:4, 9:2, 11:1, 13:1, 15:2, 16:1, 43:1,
1274203500, 0, 527535, 526587, 508, 440, 1:297, 2:76, 3:36, 4:14, 5:3, 6:3, 7:2, 8:2, 9:1, 11:3, 14:2, 17:1,
1274203800, 0, 537084, 536150, 467, 467, 1:324, 2:88, 3:24, 4:6, 5:10, 6:1, 7:1, 8:4, 9:2, 10:3, 14:2, 15:1, 21:1,
1274204100, 1, 528620, 527678, 502, 440, 1:294, 2:67, 3:31, 4:20, 5:8, 6:4, 7:3, 8:4, 9:1, 12:1, 13:3, 14:2, 22:2,
1274204401, 1, 530762, 529882, 491, 389, 1:265, 2:77, 3:19, 4:9, 5:4, 6:3, 7:1, 8:4, 9:1, 11:2, 12:1, 13:2, 19:1,
1274204700, 1, 544699, 543835, 475, 389, 1:267, 2:59, 3:25, 4:14, 5:10, 6:4, 9:1, 10:1, 11:3, 12:2, 13:1, 14:2,
1274205000, 0, 515847, 514987, 450, 410, 1:295, 2:58, 3:27, 4:16, 5:5, 6:1, 7:4, 9:1, 13:1, 14:2,
1274205300, 0, 508940, 508151, 440, 349, 1:221, 2:62, 3:25, 4:17, 5:6, 6:6, 7:5, 9:1, 10:2, 12:2, 13:2,
1274205600, 0, 551775, 550907, 515, 353, 1:228, 2:66, 3:30, 4:10, 5:4, 6:3, 7:3, 8:2, 10:1, 11:2, 12:1, 13:2, 154:1,
1274205900, 0, 578056, 577185, 495, 376, 1:234, 2:67, 3:37, 4:13, 5:9, 6:2, 7:4, 9:2, 11:2, 13:1, 15:4, 160:1,
1274206200, 0, 516223, 515424, 441, 358, 1:231, 2:63, 3:21, 4:17, 5:6, 6:7, 7:3, 8:1, 9:2, 10:3, 12:2, 13:1, 157:1,
1274206500, 0, 506313, 505471, 454, 388, 1:255, 2:69, 3:28, 4:15, 5:9, 6:3, 7:1, 9:1, 10:1, 11:1, 12:1, 13:1, 14:1, 15:1, 152:1,
1274206800, 1, 503944, 503170, 444, 330, 1:216, 2:72, 3:14, 4:7, 5:7, 6:2, 7:3, 8:1, 9:2, 11:1, 15:2, 16:1, 39:1, 135:1,
1274207100, 0, 494672, 493681, 617, 374, 1:263, 2:73, 3:14, 4:7, 5:5, 6:2, 7:2, 8:1, 9:1, 11:2, 12:2, 13:1, 17:1,
1274207400, 0, 494638, 493779, 482, 377, 1:262, 2:66, 3:23, 4:8, 5:5, 6:1, 7:3, 8:3, 9:1, 11:2, 14:1, 15:2,
1274207700, 0, 499971, 499186, 424, 361, 1:244, 2:60, 3:23, 4:14, 5:7, 6:3, 7:3, 8:2, 10:1, 11:1, 14:2, 21:1,
1274208000, 0, 500362, 499663, 370, 329, 1:215, 2:56, 3:28, 4:12, 5:4, 6:1, 7:3, 8:1, 9:3, 10:2, 11:1, 12:1, 13:1, 15:1,
1274208300, 0, 515664, 514898, 406, 360, 1:244, 2:65, 3:19, 4:11, 5:3, 6:6, 8:2, 9:4, 11:2, 12:1, 15:2, 110:1,
1274208601, 0, 531540, 530732, 442, 366, 1:266, 2:58, 3:18, 4:9, 5:1, 6:2, 7:2, 8:2, 9:4, 10:1, 14:1, 18:1, 135:1,
1274208900, 0, 506697, 505970, 407, 320, 1:231, 2:48, 3:15, 4:11, 5:4, 7:3, 8:3, 9:1, 10:1, 12:2, 15:1,
1274209200, 1, 503317, 502592, 387, 338, 1:223, 2:62, 3:24, 4:12, 5:1, 6:6, 7:3, 9:2, 11:1, 13:1, 14:1, 18:1, 21:1,
1274209500, 0, 510407, 509536, 506, 365, 1:262, 2:49, 3:26, 4:10, 5:7, 6:2, 7:2, 11:3, 12:1, 13:1, 16:1, 17:1,
1274209800, 0, 515787, 515013, 429, 345, 1:229, 2:60, 3:26, 4:16, 5:4, 6:2, 7:2, 8:1, 9:1, 14:2, 15:1, 20:1,
1274210101, 0, 531896, 531127, 437, 332, 1:236, 2:47, 3:17, 4:10, 5:7, 6:3, 8:1, 9:2, 10:1, 11:2, 13:1, 14:1, 17:1, 20:1, 21:1, 25:1,
1274210400, 0, 500014, 499270, 410, 334, 1:226, 2:58, 3:17, 4:9, 5:7, 6:5, 7:3, 8:2, 9:2, 10:2, 17:1, 21:1, 108:1,
1274210700, 0, 488985, 488244, 423, 318, 1:215, 2:60, 3:18, 4:9, 5:7, 6:1, 7:1, 8:1, 9:1, 10:2, 11:1, 20:1, 111:1,
1274211000, 0, 507437, 506723, 399, 315, 1:212, 2:57, 3:19, 4:9, 5:5, 6:2, 7:1, 8:4, 10:1, 11:1, 12:1, 13:2, 17:1,
1274211301, 1, 516256, 515525, 418, 313, 1:212, 2:50, 3:20, 4:9, 5:6, 6:4, 7:2, 9:3, 10:1, 12:2, 13:1, 14:1, 27:1, 43:1,
1274211600, 0, 481044, 480318, 398, 328, 1:227, 2:56, 3:20, 4:10, 5:2, 6:3, 7:2, 8:5, 11:1, 12:1, 18:1,
1274211900, 0, 487744, 487063, 367, 314, 1:211, 2:45, 3:27, 4:13, 5:5, 6:2, 7:3, 8:2, 9:1, 10:2, 13:1, 15:1, 16:1,
1274212200, 0, 483968, 483255, 373, 340, 1:242, 2:52, 3:16, 4:8, 5:7, 6:2, 7:5, 8:2, 9:1, 10:1, 11:1, 13:1, 17:1, 19:1,
1274212500, 0, 481200, 480497, 352, 351, 1:228, 2:61, 3:31, 4:8, 5:3, 6:11, 7:2, 8:2, 9:2, 11:1, 12:1, 16:1,
1274212800, 0, 496940, 496254, 362, 324, 1:225, 2:56, 3:15, 4:8, 5:6, 6:6, 8:1, 9:2, 10:1, 11:1, 13:1, 15:2,
1274213100, 0, 509632, 508809, 473, 350, 1:240, 2:58, 3:19, 4:12, 5:7, 6:2, 7:5, 8:2, 10:1, 11:1, 12:1, 15:1, 18:1,
1274213400, 0, 475977, 475207, 436, 334, 1:246, 2:45, 3:17, 4:7, 6:6, 7:4, 8:4, 9:1, 12:1, 13:2, 15:1,
1274213700, 0, 468738, 467984, 400, 354, 1:262, 2:52, 3:13, 4:9, 5:4, 6:3, 7:2, 8:4, 10:3, 12:1, 15:1,
1274214000, 0, 475026, 474377, 333, 316, 1:207, 2:51, 3:32, 4:10, 5:6, 6:2, 7:2, 8:2, 14:2, 15:1, 16:1,
1274214300, 0, 478783, 478124, 350, 309, 1:214, 2:49, 3:23, 4:5, 5:3, 6:3, 7:4, 8:1, 9:3, 12:1, 13:1, 16:1, 17:1,
1274214600, 1, 472948, 472333, 316, 299, 1:203, 2:53, 3:15, 4:10, 5:6, 6:5, 7:3, 10:1, 11:1, 13:1, 14:1,
1274214900, 0, 475372, 474742, 339, 291, 1:201, 2:44, 3:20, 4:8, 5:3, 6:5, 7:1, 9:1, 11:1, 12:1, 13:2, 17:1, 19:2, 20:1,
1274215200, 0, 439711, 439134, 282, 295, 1:193, 2:53, 3:23, 4:10, 5:7, 6:2, 7:1, 8:1, 9:1, 10:1, 11:1, 13:1, 15:1,
1274215500, 0, 437960, 437427, 264, 269, 1:181, 2:48, 3:18, 4:9, 5:4, 7:3, 8:2, 12:1, 15:1, 21:1, 25:1,
1274215800, 0, 477778, 477237, 285, 256, 1:182, 2:32, 3:23, 4:3, 5:7, 6:1, 7:1, 8:2, 9:2, 12:3,
1274216100, 1, 477821, 477233, 304, 284, 1:190, 2:46, 3:26, 4:8, 5:5, 6:4, 7:2, 9:1, 10:1, 12:1,
1274216400, 0, 446745, 446161, 332, 252, 1:169, 2:43, 3:12, 4:10, 5:5, 6:5, 7:1, 8:3, 10:1, 11:1, 13:1, 14:1,
1274216701, 0, 439232, 438657, 294, 281, 1:183, 2:55, 3:20, 4:7, 5:3, 6:3, 7:3, 8:1, 9:1, 10:1, 12:2, 13:1, 15:1,
1274217000, 0, 450125, 449522, 332, 271, 1:182, 2:45, 3:16, 4:11, 5:5, 6:6, 8:1, 9:1, 13:1, 14:1, 15:2,
1274217300, 0, 436534, 435914, 306, 314, 1:199, 2:71, 3:17, 4:8, 5:6, 6:2, 7:5, 8:2, 11:1, 12:1, 13:1, 34:1,
1274217600, 1, 409540, 409019, 255, 266, 1:176, 2:44, 3:21, 4:7, 5:4, 6:5, 7:1, 8:3, 9:1, 10:2, 12:1, 18:1,
1274217900, 1, 394110, 393614, 236, 260, 1:185, 2:43, 3:10, 4:8, 5:3, 7:5, 8:3, 9:1, 12:1, 13:1,
1274218200, 1, 387403, 386953, 204, 246, 1:153, 2:56, 3:15, 4:12, 5:1, 6:2, 7:1, 8:2, 11:1, 12:1, 13:1, 28:1,
1274218500, 1, 405472, 404984, 228, 260, 1:187, 2:33, 3:17, 4:11, 5:2, 6:1, 7:3, 8:1, 11:1, 12:1, 13:2, 16:1,
1274218800, 0, 432908, 432442, 218, 248, 1:159, 2:45, 3:20, 4:10, 5:5, 6:2, 8:2, 9:1, 11:1, 12:1, 14:1, 23:1,
1274219100, 0, 379698, 379246, 210, 242, 1:173, 2:27, 3:20, 4:6, 5:3, 6:6, 7:2, 10:1, 11:1, 12:2, 25:1,
1274219400, 0, 357770, 357369, 197, 204, 1:141, 2:25, 3:17, 4:6, 5:7, 6:2, 7:1, 8:1, 9:1, 10:1, 12:2,
1274219700, 0, 348526, 348091, 198, 237, 1:161, 2:37, 3:13, 4:12, 5:6, 6:2, 7:2, 10:1, 13:1, 14:1, 22:1,
1274220000, 1, 357447, 357058, 171, 218, 1:134, 2:49, 3:13, 4:10, 5:4, 6:3, 7:1, 12:1, 14:1, 15:1, 24:1,
1274220300, 0, 379276, 378779, 263, 234, 1:148, 2:41, 3:20, 4:9, 5:5, 6:3, 8:2, 9:3, 10:1, 12:1, 14:1,
1274220600, 0, 337151, 336667, 231, 253, 1:155, 2:49, 3:19, 4:9, 5:7, 6:3, 7:3, 8:2, 9:2, 11:1, 14:1, 26:1, 32:1,
1274220900, 0, 330333, 329836, 237, 260, 1:175, 2:42, 3:23, 4:6, 5:7, 7:1, 8:1, 9:3, 11:1, 14:1,
1274221200, 1, 337928, 337447, 239, 242, 1:167, 2:37, 3:13, 4:11, 5:6, 6:2, 7:2, 9:1, 12:1, 13:1, 14:1,
1274221500, 0, 323468, 322828, 378, 262, 1:188, 2:31, 3:22, 4:6, 5:5, 6:1, 7:2, 8:1, 9:3, 10:1, 11:2,
1274221800, 0, 316093, 315685, 178, 230, 1:149, 2:37, 3:26, 4:6, 5:2, 6:4, 7:2, 8:1, 10:1, 12:2,
1274222100, 0, 317096, 316624, 207, 265, 1:179, 2:39, 3:26, 4:6, 5:4, 7:3, 8:2, 9:2, 10:2, 11:1, 22:1,
1274222400, 0, 332193, 331767, 205, 221, 1:138, 2:50, 3:13, 4:4, 5:2, 6:3, 8:2, 9:3, 10:1, 11:2, 12:2, 28:1,
1274222700, 0, 327182, 326792, 160, 230, 1:146, 2:35, 3:21, 4:13, 5:3, 6:3, 7:1, 9:3, 10:1, 11:2, 12:1, 20:1,
1274223000, 0, 324062, 323684, 163, 215, 1:134, 2:28, 3:24, 4:8, 5:6, 6:6, 8:2, 9:3, 10:2, 13:1, 26:1,
1274223300, 1, 311785, 311076, 406, 303, 1:217, 2:30, 3:36, 4:8, 5:2, 6:1, 8:3, 9:2, 10:2, 11:1, 12:1,
1274223600, 0, 290911, 290541, 164, 206, 1:132, 2:31, 3:23, 4:10, 5:1, 6:5, 7:2, 13:1, 15:1,
1274223900, 0, 291261, 290618, 379, 264, 1:188, 2:40, 3:8, 4:9, 5:6, 6:4, 7:4, 8:2, 10:1, 11:1, 13:1,
1274224200, 0, 289589, 289184, 170, 235, 1:157, 2:45, 3:16, 4:5, 5:7, 7:1, 8:1, 9:1, 11:1, 13:1,
1274224500, 0, 299862, 299465, 189, 208, 1:138, 2:42, 3:11, 4:6, 5:4, 6:3, 7:1, 9:1, 13:2,
1274224800, 0, 323839, 323452, 163, 224, 1:166, 2:28, 3:13, 4:6, 5:4, 6:2, 7:3, 12:1, 13:1,
1274225100, 0, 329994, 329581, 180, 233, 1:168, 2:33, 3:10, 4:5, 5:6, 6:5, 7:3, 9:3,
1274225400, 0, 295065, 294522, 292, 251, 1:173, 2:41, 3:21, 4:5, 5:4, 6:4, 8:1, 9:1, 11:1,
1274225700, 0, 293672, 293065, 376, 231, 1:149, 2:38, 3:20, 4:8, 5:5, 6:2, 7:1, 8:3, 9:1, 10:1, 19:1, 22:1, 25:1,
1274226001, 0, 287744, 287373, 144, 227, 1:157, 2:35, 3:12, 4:7, 5:1, 6:2, 7:3, 8:2, 10:2, 13:1, 14:1, 48:1, 50:1, 53:1, 54:1,
1274226300, 0, 284027, 283664, 154, 209, 1:143, 2:26, 3:14, 4:5, 5:6, 6:4, 7:2, 8:3, 10:1, 12:1, 46:1, 48:1, 51:1, 52:1,
1274226601, 0, 292932, 292565, 150, 217, 1:145, 2:37, 3:11, 4:7, 5:8, 6:2, 7:1, 9:1, 10:1, 41:1, 44:1, 50:1, 53:1,
1274226900, 0, 312390, 312019, 149, 222, 1:143, 2:40, 3:14, 4:9, 5:5, 6:4, 7:1, 8:1, 10:1, 11:1, 13:1, 22:1, 27:1,
1274227202, 0, 318251, 317895, 156, 200, 1:135, 2:32, 3:19, 4:5, 5:2, 6:1, 7:2, 10:1, 11:1, 12:1, 13:1,
1274227500, 0, 301044, 300663, 196, 185, 1:127, 2:21, 3:16, 4:8, 5:4, 6:4, 7:1, 8:1, 10:1, 12:1, 18:1,
1274227800, 0, 294228, 293732, 271, 225, 1:153, 2:37, 3:17, 4:7, 5:4, 6:3, 7:1, 8:1, 12:1, 14:1,
1274228100, 1, 281841, 281474, 162, 205, 1:152, 2:22, 3:15, 4:4, 5:2, 6:5, 7:1, 8:2, 9:1, 12:1,
1274228401, 0, 292758, 292403, 157, 198, 1:144, 2:24, 3:10, 4:6, 5:5, 6:5, 7:1, 11:1, 12:1, 14:1,
1274228700, 0, 283323, 282958, 166, 199, 1:139, 2:26, 3:21, 4:3, 6:5, 7:1, 9:1, 10:2, 11:1,
1274229000, 0, 283156, 282840, 134, 182, 1:119, 2:27, 3:12, 4:14, 5:3, 7:2, 8:1, 9:1, 10:1, 13:2,
1274229300, 0, 289126, 288780, 152, 194, 1:140, 2:27, 3:14, 4:6, 5:1, 6:3, 7:2, 8:1,
1274229600, 0, 301866, 301518, 141, 207, 1:133, 2:42, 3:14, 4:10, 5:1, 6:1, 8:1, 9:2, 10:1, 11:1, 13:1,
1274229900, 0, 301354, 301025, 157, 172, 1:116, 2:23, 3:13, 4:8, 5:3, 6:2, 7:2, 8:2, 9:1, 11:1, 12:1,
1274230200, 0, 306734, 306403, 140, 191, 1:130, 2:31, 3:16, 4:6, 5:3, 6:1, 7:1, 8:1, 10:1, 12:1,
1274230200, 0, 482354, 481851, 237, 266, 1:194, 2:26, 3:18, 4:5, 5:5, 6:7, 7:2, 8:1, 9:3, 10:1, 12:1, 13:2, 15:1,
